nodes =[ 
 -9.8553443e-01,  -1.6947533e-01;
 -8.5545900e-01,  -5.1787055e-01;
 -9.7905639e-01,  2.0358928e-01;
 -6.7627798e-01,  -2.5896438e-01;
 -7.2588578e-01,  1.5998881e-02;
 -4.9324690e-01,  -8.9169212e-02;
 -6.5747028e-01,  2.7560148e-01;
 -8.4027269e-01,  5.4216401e-01;
 -5.8847735e-01,  8.0851370e-01;
 -2.4195219e-01,  9.7028817e-01;
 -5.2548667e-01,  -4.7642989e-01;
 -4.6804123e-01,  1.0364364e-01;
 -2.7919204e-01,  1.1423734e-01;
 -3.8420848e-01,  2.9525933e-01;
 -5.1441102e-01,  4.9998346e-01;
 -6.1364343e-01,  -7.8958326e-01;
 -3.9695226e-01,  -2.6000120e-01;
 -1.8134006e-01,  2.7981752e-01;
 -3.2430095e-01,  -6.4492004e-01;
 -2.5492065e-01,  -4.0831066e-01;
 -2.9820411e-01,  -6.1055519e-02;
 -2.3251251e-01,  4.6701720e-01;
 -3.0780640e-01,  6.8519624e-01;
 -2.0082274e-01,  -2.1992334e-01;
 -1.3212172e-01,  -1.0380901e-01;
 -1.5001723e-01,  1.5936514e-02;
 -1.2396487e-01,  1.4126973e-01;
 -2.6769077e-02,  4.2513810e-01;
 -2.8595020e-01,  -9.5824448e-01;
 9.2651671e-02,  -9.9569858e-01;
 -6.3503547e-02,  -7.4457025e-01;
 -7.3861107e-02,  -5.1813290e-01;
 -5.2351589e-02,  -3.1389635e-01;
 -1.7669264e-02,  -1.7325976e-01;
 -2.9866926e-02,  -3.4976688e-02;
 -2.4177074e-02,  7.8926805e-02;
 -1.2897487e-02,  2.3831283e-01;
 1.7075209e-01,  4.8546885e-01;
 1.8856900e-01,  -6.6850147e-01;
 1.0715401e-01,  -4.4253491e-01;
 8.1311556e-02,  -9.9173036e-02;
 5.3099203e-02,  1.1448724e-02;
 9.3667138e-02,  1.3527920e-01;
 1.4089632e-01,  2.9238746e-01;
 -4.4951934e-02,  6.7819670e-01;
 1.3431815e-01,  -2.5663114e-01;
 2.1806461e-01,  -1.2704705e-01;
 4.3364814e-01,  -9.0108229e-01;
 3.6037764e-01,  -2.2220061e-01;
 2.5491087e-01,  1.5654081e-01;
 2.0970165e-01,  7.1599765e-01;
 1.0493570e-01,  9.9447901e-01;
 4.4208661e-01,  -5.9223318e-01;
 2.9944889e-01,  -4.0131180e-01;
 3.3082652e-01,  -6.3572795e-03;
 1.7146696e-01,  1.8128669e-02;
 4.6740403e-01,  8.8404382e-01;
 5.7464219e-01,  -3.6599581e-01;
 5.0995683e-01,  -8.2145450e-02;
 4.6076089e-01,  1.4906112e-01;
 7.2951144e-01,  -1.5953998e-01;
 6.1271358e-01,  3.6468016e-01;
 3.4614378e-01,  3.3541563e-01;
 4.3857373e-01,  5.6454477e-01;
 7.3483966e-01,  -6.7824087e-01;
 9.2280138e-01,  -3.8527602e-01;
 7.0598655e-01,  1.1499037e-01;
 9.3853811e-01,  3.4517562e-01;
 9.9990257e-01,  -1.3958769e-02;
 7.5291371e-01,  6.5811924e-01;
]; 
elem =[ 
 68, 70, 62;
 69, 61, 66;
 65, 66, 58;
 58, 66, 61;
 2, 16, 11;
 7, 14, 15;
 12, 14, 7;
 23, 9, 15;
 62, 70, 64;
 70, 57, 64;
 67, 61, 69;
 69, 68, 67;
 67, 68, 62;
 53, 48, 65;
 65, 58, 53;
 53, 58, 54;
 11, 17, 4;
 1, 2, 4;
 4, 2, 11;
 11, 16, 19;
 54, 58, 49;
 49, 46, 54;
 17, 24, 21;
 3, 7, 8;
 15, 9, 8;
 8, 7, 15;
 9, 23, 10;
 10, 45, 52;
 23, 45, 10;
 62, 64, 63;
 51, 57, 52;
 51, 64, 57;
 52, 45, 51;
 30, 48, 39;
 48, 53, 39;
 39, 53, 54;
 12, 7, 5;
 1, 4, 5;
 5, 3, 1;
 5, 7, 3;
 29, 19, 16;
 20, 17, 11;
 11, 19, 20;
 20, 19, 32;
 20, 24, 17;
 47, 49, 55;
 46, 49, 47;
 35, 26, 25;
 26, 21, 25;
 25, 21, 24;
 33, 20, 32;
 24, 20, 33;
 59, 58, 61;
 59, 49, 58;
 55, 49, 59;
 61, 67, 59;
 6, 21, 12;
 17, 21, 6;
 6, 4, 17;
 12, 5, 6;
 6, 5, 4;
 28, 18, 37;
 14, 18, 22;
 15, 14, 22;
 22, 23, 15;
 22, 18, 28;
 28, 45, 22;
 22, 45, 23;
 13, 14, 12;
 13, 18, 14;
 12, 21, 13;
 13, 21, 26;
 55, 59, 60;
 60, 59, 67;
 60, 67, 62;
 62, 63, 60;
 28, 37, 44;
 38, 63, 64;
 64, 51, 38;
 38, 44, 63;
 28, 44, 38;
 38, 45, 28;
 38, 51, 45;
 30, 39, 31;
 31, 39, 32;
 31, 29, 30;
 32, 19, 31;
 19, 29, 31;
 40, 39, 54;
 32, 39, 40;
 54, 46, 40;
 40, 33, 32;
 46, 33, 40;
 46, 47, 41;
 41, 42, 35;
 27, 37, 18;
 27, 13, 26;
 18, 13, 27;
 43, 44, 37;
 34, 33, 46;
 46, 41, 34;
 34, 25, 24;
 24, 33, 34;
 35, 25, 34;
 34, 41, 35;
 37, 27, 36;
 36, 43, 37;
 42, 43, 36;
 35, 42, 36;
 36, 26, 35;
 36, 27, 26;
 56, 43, 42;
 56, 47, 55;
 42, 41, 56;
 56, 41, 47;
 43, 56, 50;
 63, 44, 50;
 44, 43, 50;
 50, 56, 55;
 55, 60, 50;
 50, 60, 63;
]; 
